2148
2150
2154
2154
2154
2155
2156
2156
2158
2161
2162
2162
2167
2167
2167
2167
2169
2170
2172
2172
2175
2176
2178
2180
2182
2182
2182
2183
2184
2187
2192
2193
2193
2194
2194
2195
2196
2196
2197
2197
2198
2201
2202
2202
2205
2205
2208
2208
2210
2211
2212
2213
2213
2214
2215
2215
2216
2217
2217
2217
2218
2218
2221
2222
2225
2227
2228
2231
2231
2233
2233
2234
2238
2239
2241
2243
2246
2247
2248
2251
2253
2253
2253
2253
2254
2255
2255
2259
2260
2263
2265
2265
2269
2269
2270
2271
2274
2277
2277
2279
2282
2283
2283
2284
2286
2287
2291
2292
2295
2296
2297
2298
2299
2299
2300
2300
2304
2307
2307
2310
2314
2317
2317
2318
2320
2322
2322
2327
2330
2332
2333
2333
2334
2334
2335
2335
2336
2336
2337
2339
2340
2342
2343
2344
2345
2350
2351
2351
2351
2353
2353
2354
2354
2356
2357
2359
2360
2361
2367
2368
2370
2371
2371
2372
2376
2378
2379
2381
2381
2381
2382
2384
2385
2387
2390
2391
2392
2392
2393
2397
2398
2399
2400
2401
2401
2406
2407
2410
2411
2411
2414
2414
2416
2417
2417
2421
2422
2424
2426
2427
2428
2429
2432
2435
2437
2439
2439
2442
2443
2445
2446
2447
2449
2450
2450
2452
2455
2457
2465
2466
2469
2469
2470
2470
2471
2473
2474
2474
2474
2475
2479
2480
2480
2482
2482
2482
2484
2484
2484
2485
2486
2487
2487
2488
2488
2488
2488
2490
2494
2495
2500
2503
2504
2504
2504
2506
2506
2507
2511
2511
2512
2514
2515
2516
2520
2521
2521
2522
2522
2523
2523
2525
2526
2529
2531
2532
2536
2539
2541
2541
2542
2543
2544
2544
2547
2549
2552
2554
2557
2563
2567
2569
2569
2569
2573
2574
2575
2576
2576
2578
2579
2581
2585
2585
2586
2587
2587
2588
2588
2588
2589
2592
2593
2596
2599
2602
2603
2603
2604
2608
2610
2610
2611
2611
2611
2612
2613
2615
2616
2619
2619
2620
2621
2624
2624
2626
2626
2629
2629
2632
2633
2635
2636
2636
2637
2637
2637
2637
2639
2641
2641
2641
2645
2645
2645
2647
2647
2648
2652
2655
2656
2659
2662
2663
2665
2666
2668
2669
2673
2673
2675
2678
2678
2680
2682
2684
2686
2688
2690
2690
2690
2690
2692
2694
2695
2696
2700
2700
2701
2702
2703
2703
2707
2707
2708
2709
2710
2710
2711
2711
2715
2715
2716
2718
2718
2719
2720
2722
2722
2723
2724
2725
2725
2725
2726
2728
2728
2729
2731
2732
2732
2738
2738
2740
2742
2742
2744
2745
2745
2746
2747
2750
2751
2753
2754
2756
2757
2758
2762
2763
2768
2768
2769
2771
2774
2776
2777
2779
2781
2782
2783
2785
2792
2794
2794
2796
2798
2801
2802
2804
2807
2808
2810
2810
2811
2811
2813
2820
2820
2825
2826
2830
2833
2834
2838
2839
2840
2842
2844
2847
2850
2853
2858
2859
2861
2863
2864
2866
2867
2869
2871
2875
2877
2886
2886
2888
2889
2893
2895
2895
2905
2906
2906
2911
2912
2913
2914
2914
2916
2916
2918
2923
2924
2925
2931
2935
2939
2940
2943
2943
2944
2955
2956
2956
2958
2960
2961
2962
2962
2963
2966
2968
2969
2970
2971
2971
2973
2977
2979
2981
2985
2987
2988
2991
3000
3006
3011
3011
3013
3013
3018
3018
3027
3030
3032
3034
3034
3036
3038
3040
3043
3050
3051
3051
3058
3060
3060
3065
3067
3070
3072
3074
3075
3077
3077
3081
3085
3091
3091
3091
3094
3097
3097
3101
3101
3101
3103
3104
3105
3105
3105
3107
3109
3110
3111
3113
3115
3115
3116
3119
3125
3125
3127
3131
3133
3134
3134
3135
3137
3138
3147
3149
3155
3155
3156
3158
3158
3159
3160
3161
3164
3165
3172
3172
3174
3175
3175
3179
3179
3179
3180
3181
3182
3182
3184
3184
3185
3185
3188
3188
3188
3188
3188
3192
3193
3193
3195
3197
3198
3200
3204
3205
3206
3211
3212
3214
3214
3216
3218
3222
3226
3226
3226
3227
3228
3230
3232
3232
3233
3244
3245
3246
3247
3249
3249
3250
3252
3255
3256
3256
3256
3257
3257
3257
3258
3258
3259
3259
3260
3266
3267
3270
3272
3279
3279
3281
3284
3286
3293
3294
3297
3301
3302
3309
3310
3311
3311
3312
3315
3319
3321
3322
3324
3325
3326
3327
3332
3334
3338
3338
3342
3343
3345
3347
3353
3354
3355
3356
3357
3358
3361
3366
3370
3371
3372
3379
3379
3380
3381
3381
3386
3386
3392
3394
3394
3394
3395
3397
3405
3409
3411
3412
3412
3414
3420
3420
3421
3427
3429
3432
3432
3434
3435
3437
3437
3440
3443
3443
3444
3444
3444
3446
3448
3450
3456
3461
3468
3471
3474
3474
3478
3482
3484
3486
3488
3490
3491
3492
3496
3501
3501
3506
3507
3513
3514
3514
3517
3518
3520
3521
3527
3528
3529
3531
3531
3531
3534
3538
3538
3539
3539
3542
3543
3544
3546
3550
3554
3554
3555
3556
3556
3557
3559
3561
3561
3565
3566
3574
3576
3579
3580
3580
3580
3581
3582
3582
3582
3586
3586
3587
3597
3600
3600
3601
3602
3603
3603
3605
3608
3608
3612
3615
3622
3628
3632
3633
3641
3649
3660
3662
3662
3663
3665
3667
3668
3668
3669
3671
3671
3675
3676
3676
3677
3679
3686
3689
3691
3692
3699
3700
3702
3711
3721
3731
3732
3735
3737
3737
3740
3743
3744
3744
3746
3747
3747
3749
3749
3752
3756
3761
3762
3764
3773
3773
3774
3776
3779
3781
3782
3782
3787
3789
3789
3790
3793
3795
3796
3796
3799
3803
3803
3808
3822
3827
3828
3828
3829
3829
3831
3832
3840
3840
3841
3845
3847
3849
3852
3853
3858
3858
3861
3862
3868
3873
3874
3878
3884
3886
3891
3893
3893
3896
3900
3902
3903
3903
3905
3906
3906
3911
3912
3917
3918
3921
3921
3924
3926
3932
3934
3938
3939
3941
3942
3945
3947
3949
3953
3956
3957
3957
3957
3958
3960
3961
3966
3967
3971
3972
3973
3973
3976
3976
3978
3978
3980
3982
3989
3990
3996
3999
